   2.0000000e+00  -5.8773657e-01  -1.1252655e-01  -3.5586668e-01   3.9952960e-01   1.0588360e+00   1.0505918e+00  -1.5114216e+00   1.1116247e-01  -2.0836083e-01   6.9251024e-01
   2.0000000e+00  -5.1248759e-01  -1.7830186e-01   8.3729178e-02  -1.0021603e+00  -9.8101284e-01  -2.7987943e-01  -2.1972247e+00   6.9971465e-01   1.6854888e-01  -8.6576963e-01
   1.0000000e+00  -5.0544312e-01  -1.8229580e-02  -1.6168572e-01  -1.1430517e-02  -9.5089345e-01  -5.1481544e-01  -2.6797490e-01   2.4875312e-03   1.3955804e-01   1.5688529e+00
   2.0000000e+00  -1.1305632e+00   1.1125201e+00  -7.0838328e-01  -1.8892402e+00  -3.0651272e-01   6.8293296e-01   1.0574802e+00   5.2738069e-02  -2.0350819e-01  -3.4771108e-01
   2.0000000e+00   5.4323699e-01   3.0839229e-01   3.0848456e-01   4.6025514e-01   5.4307777e-01   3.0452435e-02  -4.4535397e-01   9.5849331e-03  -1.8276985e-01   6.2926975e-01
   2.0000000e+00  -1.4411572e+00   2.1250198e+00  -6.0635217e-01   1.2302705e+00   2.8501409e-01   5.4164315e-01  -7.4312857e-01  -7.9321163e-01  -1.7295044e+00   4.4032185e-01
   1.0000000e+00  -6.5349380e-01  -1.0166730e+00  -3.8098905e-01   9.5201869e-01   4.5004804e-01   1.7013961e+00  -7.2432758e-01  -1.1295698e+00   4.5140615e-01   4.7024764e-01
   1.0000000e+00  -1.8440935e-01   3.1825273e-01  -1.3024625e-01   4.6314981e-01   2.3772850e+00   1.4063773e+00  -9.6909781e-02  -1.3425019e+00   2.7977353e-01  -2.9692798e-01
   2.0000000e+00   7.5341127e-02   2.3790118e-01   3.8369284e-01   1.6398144e+00   1.2456708e+00  -1.4631346e+00   3.3205393e-02   2.0610235e-02   1.2509246e+00  -1.0253872e+00
   2.0000000e+00   1.6589588e-01   5.0114961e-01  -5.0871300e-01   1.7785471e-01   8.9199924e-01   1.9923507e+00  -6.3185922e-01  -9.8393113e-01  -2.2919155e-01   1.0433193e+00
   2.0000000e+00  -6.2977258e-01  -6.2280182e-01   2.9536390e-01   2.3544981e-01  -3.1739423e-01  -2.2255238e+00  -1.0259557e+00  -9.1279559e-01  -2.2574263e+00   1.0965681e+00
   2.0000000e+00   5.5856649e-01  -1.3868010e+00  -9.2678276e-01   4.0824189e-01   5.5332031e-01   6.3880525e-01  -4.0981944e-01   5.8438304e-01  -4.9957269e-01   7.9914999e-01
   1.0000000e+00   2.2473302e-01  -1.0350722e+00  -6.2076973e-01  -1.6161114e-01   1.7023100e+00  -2.2543073e-01   6.7868451e-02   5.5250813e-01   7.7781318e-01   1.0677006e+00
   2.0000000e+00  -1.3728332e+00  -1.8718949e-01   6.3690088e-01   1.7549699e-01  -1.6382876e-01  -6.8723578e-01  -4.7152554e-01   5.5428387e-01   9.5297409e-01  -7.1897073e-01
   2.0000000e+00   1.3869186e-01   1.3048234e+00  -4.7830532e-01  -7.0463392e-01  -7.8188604e-01  -3.8142147e-01   1.0289194e+00   2.2998994e-01  -6.2765059e-01  -1.8788895e+00
   2.0000000e+00  -1.3690702e+00  -2.5924828e-01   1.7668131e+00  -6.7326060e-01  -5.0138770e-03  -2.2644479e+00  -1.0684570e-01   6.1687339e-01  -6.0474304e-01   6.7123571e-01
   1.0000000e+00   1.1005414e+00  -9.6518473e-01   9.6003670e-01   1.1669803e+00   3.5998928e-01   8.1112369e-01   3.1365486e-01  -2.1780941e+00   7.0049090e-01   7.0370476e-01
   2.0000000e+00   1.2618171e+00   5.5460304e-01  -1.2399173e-01  -1.3810495e+00  -2.5957795e+00   4.5268522e-01   7.5337932e-01  -8.8310313e-01  -1.3461651e+00   4.9588811e-01
   1.0000000e+00   7.6250702e-01  -1.0394389e+00   1.0963869e-01   1.9788897e-01   8.0493330e-02  -1.1850175e+00   3.3862678e-01  -2.3476844e-01   2.8111385e-01  -1.0097286e+00
   1.0000000e+00  -1.8445065e+00  -2.9346999e-01  -5.5183658e-01   7.2018003e-01  -1.0693053e+00   5.9239342e-01  -3.1278406e-01   1.0333064e-02   3.9546218e-01   1.9889957e+00
   2.0000000e+00   1.2834145e+00   6.3574216e-01   1.2474236e+00   2.3258972e-01  -6.7513876e-01  -1.7117289e+00   2.8553135e-01  -3.8887807e-01   9.5269623e-01  -1.0296914e-01
   2.0000000e+00  -4.0640303e-01   4.8594736e-01  -4.4331111e-01  -2.3677380e-01  -1.3427806e+00  -1.4950703e+00  -2.9690258e-01  -1.0672196e+00  -7.7676574e-01  -5.2508141e-02
   2.0000000e+00  -1.8106684e+00  -1.1498776e+00  -2.1042281e+00  -1.0114855e+00  -9.8432833e-01   1.1513012e+00   1.2058729e+00   4.1092848e-01  -7.4028015e-01  -6.9770338e-01
   2.0000000e+00   8.8113693e-01   2.7985117e-02  -7.7612224e-02   2.4020825e-01  -1.2076065e+00  -1.3299844e+00   9.9423841e-01   1.0604269e+00   1.1350307e+00   4.8225527e-01
   2.0000000e+00   1.1857666e+00   9.6659719e-01  -2.4167933e+00   4.8440954e-01   2.5229397e-01   1.9030608e+00   1.1638330e+00  -1.1009856e+00   2.0304930e-01  -6.8278186e-01
   2.0000000e+00  -3.8880900e-01  -1.6108763e-01   1.3058090e+00   3.7130535e-02  -9.2181616e-01  -8.1721151e-01   3.3635243e-01   2.7310700e-01   1.8147406e+00   5.4897926e-01
   2.0000000e+00  -1.5085892e-01   6.2748333e-01   2.1030101e-01   1.5401983e-01   1.2205880e-01   4.6910289e-01   6.5689408e-01  -1.4455042e-01   1.3913709e+00   2.6218197e-01
   2.0000000e+00   9.0894984e-01  -7.5671501e-01  -8.6142746e-01  -1.3676338e+00   1.0634697e+00   2.1185491e-02   3.5357630e-01  -1.5547118e+00  -1.3038634e+00   1.6983160e+00
   2.0000000e+00  -4.9009582e-01  -2.8946071e-01  -3.0750047e-01   5.7844575e-01  -5.1681637e-01  -5.8689533e-01  -1.6185549e-01  -5.5044028e-01   2.8123311e+00  -3.7533119e-02
   2.0000000e+00  -4.3534270e-01  -8.7888614e-01  -1.1103946e+00   8.3954879e-01  -3.0882410e-01   9.7412623e-01   5.6269334e-01   3.7458971e-01  -2.7169450e-01  -2.2570949e+00
   2.0000000e+00  -4.5367934e-01   1.7219460e+00  -1.2884219e-02  -1.0947250e+00   2.8018831e-01   1.1175728e+00  -5.6891985e-01   6.3587054e-01   7.3302014e-01   3.6013297e-01
   2.0000000e+00  -2.1627743e+00  -1.3838978e-01  -8.4481840e-01   6.7610266e-01  -1.3880560e+00  -1.2162153e+00   9.1488851e-01  -4.6616486e-01  -1.3546236e-01  -7.8990060e-01
   2.0000000e+00   4.4197548e-01  -2.2362166e-01  -2.6359593e+00   4.6397821e-01   4.6505123e-01  -9.8220255e-01   8.6381287e-01   1.3011207e+00   9.3256596e-01  -1.9498521e-01
   2.0000000e+00   8.1327037e-01  -4.2653995e-02  -3.2941073e-01  -7.8695673e-01  -1.4760981e+00   5.8212214e-02   2.1648782e-02   7.0790190e-01  -3.0913929e-01  -1.4270398e+00
   2.0000000e+00   2.0769404e+00  -1.1747893e+00  -1.3660641e-01   1.9873284e+00   1.4955638e+00  -4.2871313e-01  -1.2011751e+00   9.2023066e-01  -9.8777071e-01   3.3312538e-01
   2.0000000e+00   4.5041795e-01   3.0532665e+00  -5.2256528e-01  -7.5619253e-01   2.1064661e+00   6.5314939e-01  -2.1436961e-01  -1.1806502e+00  -6.0218943e-01  -1.7516942e-01
   2.0000000e+00   2.7080934e-01  -9.9104199e-01   1.1600880e+00   2.9948137e+00  -4.2185917e-01   1.1110219e+00   6.8773309e-01   5.0082275e-02   6.7681022e-01   1.2169344e+00
   2.0000000e+00  -9.9289392e-01  -9.7253812e-01  -2.3704527e-01   7.9453538e-02   2.9548195e-01   2.0669993e+00   8.3914680e-01   4.2738500e-01  -4.1546539e-01   1.1893197e+00
   2.0000000e+00   1.0998657e+00   1.3576497e-02  -1.9669070e-01   1.7076290e+00   1.6562835e+00  -1.7936710e+00  -1.0279902e+00   4.7966316e-01   4.8263195e-01   8.2537297e-01
   2.0000000e+00  -7.6153086e-01   8.4076007e-01   4.7260362e-01  -2.4381521e-01   1.0617446e+00   4.6268793e-01   8.8141530e-01  -1.1406262e-02  -1.2599085e+00   7.9388341e-01
   2.0000000e+00  -4.2506695e-01  -9.7985415e-01   1.3377261e-01  -1.0705878e+00   4.0539038e-01   5.2168482e-01   2.2316634e+00  -9.7338729e-01   1.5605557e+00  -3.7190862e-01
   1.0000000e+00   4.3625007e-01   7.3959446e-01  -7.7955050e-01  -1.8975318e-01  -7.9800778e-01  -8.0088689e-01  -5.2957249e-01  -2.4074606e+00   1.4426987e-01  -1.0779193e+00
   2.0000000e+00   1.1842752e-01  -6.6124713e-01   9.1471088e-01  -8.7500500e-01  -1.2379946e+00   1.6259754e-01   1.1483299e+00   4.5714788e-01  -9.3485696e-01   3.0828336e-01
   2.0000000e+00  -1.0280779e+00   6.5545738e-02   2.0753082e+00   4.5832064e-01  -7.1266238e-02  -8.8720863e-01   1.8719557e-01   4.4371206e-01  -2.9595880e-01   1.6778964e+00
   1.0000000e+00  -7.3100836e-02   1.0989097e+00   4.6975796e-01  -7.1055329e-01  -2.8879731e-01   1.4723007e+00   1.6247546e-01   4.1825344e-01   2.1537557e-01  -3.6790548e-02
   1.0000000e+00  -5.7872118e-01  -7.9464250e-01  -1.5362812e+00   5.2267675e-02   9.3856710e-03  -3.7740927e-01   3.7721594e-01  -1.5576107e+00   4.7540672e-01   5.4299024e-01
   1.0000000e+00   1.6677809e+00   1.1999372e+00  -5.9200250e-01  -1.4993318e-01   2.3366079e-01   2.7060577e-01   8.4252391e-02  -3.1690001e-01   2.8717462e-01   1.4159958e+00
   2.0000000e+00   1.2407992e+00   9.8490244e-01  -1.0348496e-01  -1.8631979e+00   3.5721806e-01   1.6268096e+00  -4.3403105e-01  -1.1515914e+00   7.9508536e-01  -3.5421438e-01
   2.0000000e+00   7.4777443e-01  -4.9245310e-02   1.2847846e+00   9.6543347e-01   8.2342618e-01  -8.6067044e-01   8.9802251e-01   2.1425095e+00  -1.4249504e+00   6.8492343e-01
   1.0000000e+00  -7.0053391e-01   3.2823585e-01   3.6511510e-02   6.0063492e-02   4.1219478e-01  -7.6955241e-01  -6.6912398e-01   7.3179585e-01   2.4227606e-01   4.3251162e-01
   2.0000000e+00  -9.0423056e-01   1.8366313e-01  -1.5081325e+00  -2.8259126e-01  -1.3854578e-01   2.4789824e+00  -1.0527525e+00   4.6574355e-01   4.9182986e-01   8.4451569e-01
   1.0000000e+00   4.6182707e-01   2.1025250e+00   7.1899137e-01   8.0020392e-01   5.1493280e-01  -1.4591786e-01  -5.3301902e-01  -1.6171760e+00   5.8058726e-01  -5.2931184e-01
   2.0000000e+00   1.0771893e+00   4.8373182e-01   1.2519169e+00  -1.7645735e-01  -9.6225955e-01  -1.2239944e+00   2.6532836e-01  -1.9670246e-01  -3.3497114e-01   1.6423160e-02
   1.0000000e+00  -6.3948939e-01   2.6740341e-01  -1.5493982e+00  -1.3888198e+00   9.6851968e-01   1.3723375e+00  -2.2076467e-01  -3.6669558e-01   3.4041471e-01  -3.7214895e-01
   2.0000000e+00  -1.5501336e+00   6.5587149e-01   8.1942891e-01  -1.1889299e+00   2.0607671e+00  -6.1838383e-02  -1.3293930e+00   1.1074143e+00   2.0082044e-01   2.0756548e+00
   2.0000000e+00   5.0429836e-01  -5.3990508e-01   4.2905930e-03  -2.4400778e+00  -2.3941860e+00   1.1954948e+00  -9.9969534e-01  -4.0126655e-02  -4.7936620e-01  -3.6380660e-01
   2.0000000e+00  -1.1864730e+00   1.5253011e+00  -2.1209182e+00   5.4211838e-01  -6.7957447e-01  -1.1604890e+00   1.3908413e+00   3.9257003e-01   7.4542295e-01   6.3284136e-01
   2.0000000e+00  -1.0799289e+00   7.1472279e-01  -2.3613666e-01   1.7188047e+00   9.5371524e-01  -5.9673278e-01  -1.6722655e-01   9.0106066e-01  -4.5656285e-01  -1.0149909e+00
   2.0000000e+00   1.3967425e+00   1.6396592e+00   9.2787694e-01   2.6173293e-01  -1.4412024e+00   5.8275144e-01  -3.0692550e-01   7.2228456e-01   1.3185309e+00   7.4636460e-01
   2.0000000e+00  -2.0794116e+00   5.1806233e-01  -7.1085027e-01   6.3317946e-01  -9.2562017e-02  -4.0952222e-01   1.2864622e+00   5.3223630e-01   3.0729967e-01  -5.5213831e-01
   2.0000000e+00   1.2893234e+00  -6.2853030e-01   4.6404717e-01  -3.4568594e-01   9.0371816e-01  -5.4160956e-01  -1.5973146e+00  -1.1599008e+00   3.0031460e-01  -1.9117711e-01
   2.0000000e+00   5.5260531e-01  -1.3313214e+00   1.2674664e+00   9.1708511e-01   5.3313087e-01   6.7520791e-01   1.0379091e+00  -6.0720512e-02   1.3555212e-01   1.8478575e+00
   2.0000000e+00  -2.0871874e+00  -2.4914653e-01   1.1490858e+00   1.8694288e+00   2.5235773e-01   1.3518028e+00  -1.9923596e+00   5.5924289e-01   4.4264540e-01   1.0279686e+00
   1.0000000e+00  -2.9716462e-01  -4.6190528e-01   1.2758210e+00  -3.4079512e-01   1.6372959e+00  -1.2086138e-01   4.8372906e-01  -1.4686508e+00   5.3675753e-01   5.7060762e-02
   2.0000000e+00  -1.8515111e+00   2.8054967e-01  -1.2715791e-01   1.2623344e+00   6.3935825e-01  -2.3807352e-01  -1.8108677e+00  -4.2715221e-01  -1.0298006e+00   1.0680970e+00
   2.0000000e+00   1.0157042e+00  -1.0740247e-01  -1.2817904e+00   1.2870988e+00   1.6271806e+00   5.6635029e-01   7.2785510e-02   3.6751009e-01  -1.3148339e+00  -1.8744586e+00
   2.0000000e+00  -2.5448040e-01  -3.0448034e-01   1.6708499e-01   1.5491410e+00   9.2096130e-01   1.4268037e+00  -2.3447717e+00  -6.1091375e-01  -2.3002175e+00   2.2160633e+00
   2.0000000e+00   1.3845948e+00  -3.4184897e-01  -7.7775212e-01   5.2031125e-01  -4.0236477e-01   4.1159493e-01   2.6556297e-01   1.3789193e+00  -5.1668115e-01   2.4197921e-01
   2.0000000e+00  -5.9969324e-01   2.0044982e+00   6.3548901e-01   1.9918819e-01   6.3547135e-01   1.2376985e+00  -1.0179153e+00  -7.3671008e-02   3.2067665e-01   8.6271683e-01
   2.0000000e+00  -7.1982583e-01  -1.1687450e+00   2.0737355e+00   7.4686928e-01  -7.4955613e-01  -1.0603419e+00   1.4214102e+00  -4.4436950e-01   2.8709911e-02   2.6040622e-01
   2.0000000e+00  -5.1822530e-01   8.5022690e-01  -1.2189645e+00  -1.3370686e-01   6.7285417e-01  -2.3843601e-01  -3.0612507e-01   7.1820873e-01   1.5342025e+00  -1.8916168e+00
   2.0000000e+00   1.0722908e+00  -4.3057231e-01   1.0596777e+00   4.2987303e-01   3.3555256e-01   5.5016990e-01  -1.3372309e-01   1.1378795e-01  -1.0074291e+00  -1.4340014e+00
   2.0000000e+00  -6.0246838e-01   3.1368835e-01   8.3538635e-01   3.3989936e-01  -1.0169925e+00  -8.0771902e-01  -2.5498930e-01   1.0138372e-02  -1.8585657e+00  -1.2027679e+00
   2.0000000e+00  -1.4928299e-01  -4.6711507e-01   8.5936515e-02   9.5118909e-01   1.2799275e+00   6.6603291e-01  -6.6412738e-01  -3.0292641e-01   6.7813741e-01  -2.9588704e-01
   1.0000000e+00   7.0777653e-01   1.4537871e-01  -2.4060082e-01   1.6900121e+00  -1.0563833e+00   1.9068319e-01  -8.7304559e-01  -2.2119507e-01   1.8690872e-01   1.6408524e+00
   1.0000000e+00   1.3519488e+00   6.3130474e-01   1.2326617e+00  -2.3208502e-01  -1.4605118e+00  -3.9621126e-01  -7.8039146e-01  -2.5005902e-02   3.2527852e-01   2.2405480e-02
   2.0000000e+00   1.0793343e+00  -2.7673665e-01   3.8945513e-01   1.2891778e+00  -1.5445218e+00   1.5661787e+00   1.6446852e-01   2.0294964e+00   9.0607863e-01   6.1236893e-01
   1.0000000e+00   1.0283227e-01  -1.3851607e+00   5.9968475e-01  -1.2400418e-01   3.6763943e-01  -1.0868875e-01   2.9687734e-01   1.3916059e+00   4.7055196e-01  -9.9425032e-01
   2.0000000e+00  -6.7194778e-01   6.7145150e-01   6.9394697e-01  -2.1609838e-01  -1.7589868e+00   1.3636259e+00   1.2166287e+00  -8.8401523e-01  -4.9424570e-01  -2.0214085e+00
   2.0000000e+00  -2.3306523e-01   1.5800631e-01  -2.6377471e-01   4.2769155e-03   5.4032624e-01  -8.1945937e-02   1.1898259e+00  -4.3077672e-01  -2.3719472e-01   1.1147897e+00
   2.0000000e+00  -2.2829494e-01   1.2207253e+00  -1.1234397e+00  -7.5254515e-01  -6.0101346e-01   1.5121854e+00  -1.4675106e+00  -4.4044562e-01  -3.1874341e-01   5.5448395e-01
   2.0000000e+00   9.9740647e-01   1.2657523e+00  -3.1527212e-01   6.4708954e-01  -3.5849467e-01  -3.4892040e-01  -1.6253011e+00   7.3626170e-03   1.2511518e+00  -1.3018588e+00
   2.0000000e+00  -1.3047610e-01   1.2228871e+00   1.4980937e+00  -7.8588131e-01  -1.2023440e-01  -9.6087937e-02   1.4268603e+00  -1.0844307e+00   4.3168028e-01   1.0631316e+00
   2.0000000e+00   1.9038171e+00  -1.4656355e+00  -8.3865463e-01  -2.3213350e-01   8.8836313e-01   5.3353565e-01  -2.0813513e-01   1.4055254e+00  -1.8085046e+00   2.6414132e+00
   2.0000000e+00   1.8758508e-01  -2.0276052e+00   1.7428195e-01  -6.1126308e-01  -1.6717151e+00   9.2331657e-01  -7.3130295e-01   5.7810007e-02   6.7881572e-01  -1.7158990e+00
   2.0000000e+00  -2.1235736e+00  -2.3317251e-01  -4.0639737e-01  -8.5034460e-02  -5.5911361e-01   1.3926804e+00  -8.3020493e-02   1.5278556e+00  -8.0411271e-01  -1.0272192e+00
   2.0000000e+00  -1.2679090e-01  -2.0686855e-01   6.0838299e-02   1.3261927e+00   1.5403526e+00  -4.0887836e-01   8.9738663e-01  -1.3085530e+00  -1.2987169e-01  -3.4423736e-01
   2.0000000e+00   1.4365663e-01  -2.3056574e-01   2.8065667e-01   1.3703250e-01  -4.1438947e-01   5.7367135e-01   1.2452258e+00  -6.4823422e-01  -1.1666311e+00  -5.8967029e-01
   2.0000000e+00  -6.7565437e-01  -1.7632594e-03  -1.3227523e-01   7.0361977e-01  -1.1994419e+00  -3.4216699e-01   2.7395493e-01  -5.1388215e-01  -2.7590714e-01   1.3432093e+00
   2.0000000e+00   6.5084390e-01   1.3083937e+00  -2.8646538e-01  -1.3584697e-01   1.4426201e+00  -2.2017139e+00  -3.2953632e-01  -2.0481930e+00  -7.3380926e-01   7.2326723e-01
   1.0000000e+00  -1.1343011e+00   8.9080344e-01   1.3670791e+00   1.1544995e+00  -2.7374307e-01  -3.3705305e-01   3.1830059e-01  -6.1186963e-01   8.3953732e-01   7.2092890e-01
   2.0000000e+00  -8.7817129e-01   2.3893897e-01   2.1595226e-01   5.2109803e-01   2.3203065e+00   1.3749322e+00  -5.1462486e-01   7.0861689e-01  -1.3196131e+00  -1.0656033e-01
   2.0000000e+00   1.4693769e+00  -4.8020378e-01   5.7792328e-01   3.8098265e-01   3.5026596e-01   1.6348661e+00   5.9020361e-01   5.2246459e-01  -1.2501170e+00   4.5391515e-01
   2.0000000e+00   3.1627174e-01   7.4466443e-02  -7.9287823e-01  -1.2411692e-01   2.2733423e-01   1.7595855e+00   2.3050827e+00   1.6377258e-01  -3.0864395e-01  -5.8374187e-01
   2.0000000e+00  -1.2804155e+00  -7.7127564e-01   6.9980835e-01   9.3836048e-01   7.7493666e-01  -2.4144392e-01  -1.0516238e+00  -1.3444358e+00   6.1244804e-01   1.7020773e-01
   1.0000000e+00   3.2997517e-01   1.3626401e+00  -7.8028901e-01   1.8228143e+00   1.6981961e+00  -4.9998130e-01  -1.6404157e-01   5.8408262e-01   2.3470466e-01   8.7816626e-01
   2.0000000e+00  -1.2850884e+00   2.4232843e-01  -5.4888790e-01   7.7524328e-01   7.7772608e-01   1.2807285e+00   8.0068066e-02   5.9351819e-01  -1.6236568e-02  -1.1368503e-01
   2.0000000e+00   8.1789750e-01   2.0239966e-01  -2.1636530e+00   1.5425418e+00  -1.0227614e+00   4.2551485e-01   1.3025918e-01  -8.1740221e-01  -1.9012396e-01   1.0824452e+00
   2.0000000e+00   5.5124008e-01   8.4336377e-01  -1.6518619e-02  -5.3635370e-01  -4.7626224e-01   1.4620374e+00  -5.0447003e-01  -1.6461316e-01  -1.8086301e+00  -4.0861988e-02
   2.0000000e+00   2.7129225e-01   1.2595880e-01   8.9471136e-01  -2.0464893e+00   8.3178545e-01   2.3913485e+00   1.6764887e+00  -6.2500510e-02   7.6789131e-01   6.2939621e-01
